2,7,4,1,3,6,8,9,5,
3,9,1,2,5,8,6,4,7,
5,6,8,7,4,9,1,2,3,
1,3,7,4,8,2,9,5,6,
8,2,9,6,7,5,4,3,1,
4,5,6,3,9,1,7,8,2,
6,1,5,8,2,4,3,7,9,
7,8,2,9,1,3,5,6,4,
9,4,3,5,6,7,2,1,8,


10,4,15,5,2,1,3,6,7,9,8,11,12,14,13,16,
2,13,7,3,4,5,9,8,1,12,14,16,6,10,11,15,
1,12,8,14,7,10,11,16,2,6,13,15,4,3,9,5,
9,16,11,6,12,13,14,15,5,3,4,10,1,2,7,8,
3,1,2,4,16,14,5,12,6,10,7,8,11,9,15,13,
5,8,9,10,13,7,6,4,11,15,1,2,14,12,16,3,
6,7,12,13,10,11,15,3,9,14,16,5,2,8,1,4,
11,14,16,15,1,9,8,2,13,4,3,12,5,6,10,7,
4,5,1,8,6,15,10,9,3,7,2,14,13,16,12,11,
7,15,3,2,5,8,13,14,12,16,11,1,9,4,6,10,
16,9,14,11,3,4,12,7,10,13,15,6,8,5,2,1,
13,6,10,12,11,2,16,1,4,8,5,9,15,7,3,14,
8,2,5,9,14,16,7,11,15,1,6,3,10,13,4,12,
14,10,4,1,8,12,2,13,16,11,9,7,3,15,5,6,
12,11,6,7,15,3,4,5,8,2,10,13,16,1,14,9,
15,3,13,16,9,6,1,10,14,5,12,4,7,11,8,2,

0,0,4,2,0,0,0,0,0,
1,8,0,0,0,0,0,0,0,
0,0,0,0,0,9,0,0,4,
2,0,8,0,0,0,0,0,0,
0,0,5,0,0,8,0,0,0,
7,0,0,1,0,0,3,0,0,
4,0,0,0,0,0,0,9,0,
0,0,0,0,0,4,6,0,7,
0,0,3,7,0,6,0,0,0,


0,4,15,5,0,0,3,0,0,9,8,0,0,14,0,16,
2,0,7,3,0,0,0,8,0,12,14,16,6,0,11,0,
1,12,8,0,0,0,11,0,0,6,13,15,4,0,9,0,
0,16,11,0,12,13,14,15,0,3,4,0,0,0,0,8,
0,1,2,0,0,0,0,0,6,0,0,8,11,9,0,13,
0,8,0,10,0,0,6,0,11,0,1,2,14,12,0,0,
0,0,12,13,0,11,0,0,0,0,0,5,0,8,1,4,
0,0,16,0,1,9,0,2,13,0,3,0,5,6,0,7,
4,5,0,8,6,0,0,0,0,7,0,14,0,0,12,11,
0,15,0,2,5,0,0,0,12,16,0,0,0,4,6,0,
16,0,14,11,3,0,12,0,0,0,15,6,8,0,0,1,
13,0,10,12,0,0,16,1,4,8,5,0,15,7,0,0,
0,0,0,9,14,0,7,11,15,0,6,3,10,0,0,12,
0,0,4,0,0,12,0,13,0,0,0,0,3,15,5,6,
12,0,0,7,15,0,4,0,8,0,10,13,16,1,14,9,
15,0,13,16,0,0,1,0,0,5,0,4,7,11,0,2,